501
data.train: <dataset.DataFoldSplit object at 0x7f66781c1490>
data.train: 19943
Split: train
	Number of queries 19943
Epoch:  0
Epoch:  1 NCDG:  0.6531323761866462
Epoch:  1
Epoch:  2 NCDG:  0.6629487397343972
Epoch:  2
