501
data.train: <dataset.DataFoldSplit object at 0x7fec55dbf210>
data.train: 19943
Split: train
	Number of queries 19943
Epoch:  0
Epoch:  1 NCDG:  0.7444114079984319
Epoch:  1
Epoch:  2 NCDG:  0.7397005550050663
Epoch:  2
